83 1522 1563
84 1518 1567
85 1494 1570
86 1490 1573
87 1487 1576
88 1485 1578
89 1474 1580
90 1470 1581
91 1458 1583
92 1454 1584
93 1448 1585
94 1444 1586
95 1441 1587
96 1439 1588
97 1432 1589
98 1428 1590
99 1418 1590
100 1414 1591
101 1411 1592
102 1409 1592
103 1407 1593
104 1406 1593
105 1402 1594
106 1398 1594
107 1388 1594
108 1384 1595
109 1381 1595
110 1379 1595
111 1374 1596
112 1370 1596
113 1366 1596
114 1362 1597
115 1359 1597
116 1357 1597
117 1355 1597
118 1354 1598
119 1350 1598
120 1346 1598
121 1340 1598
122 1336 1598
123 1333 1598
124 1331 1598
125 1329 1598
126 1327 1598
127 1325 1598
128 1322 1598
129 1319 1598
130 1317 1598
131 1312 1598
132 1308 1598
133 1305 1598
134 1302 1598
135 1299 1598
136 1297 1598
137 1295 1598
138 1293 1598
139 1291 1598
140 1288 1598
141 1282 1598
142 1278 1598
143 1275 1598
144 1273 1597
145 1271 1597
146 1270 1597
147 1268 1597
148 1266 1596
149 1263 1596
150 1261 1596
151 1259 1595
152 1257 1595
153 1255 1594
154 1254 1594
155 1252 1593
156 1250 1592
157 1247 1592
158 1245 1591
159 1243 1590
160 1241 1589
161 1239 1588
162 1238 1587
163 1236 1586
164 1235 1585
165 1233 1583
166 1232 1582
167 1230 1580
168 1229 1579
169 1228 1578
170 1227 1577
171 1225 1576
172 1223 1575
173 1221 1573
174 1220 1572
175 1218 1570
176 1216 1568
177 1215 1565
178 1213 1562
179 1211 1559
180 1210 1555
181 1208 1551
182 1207 1547
183 1206 1514
184 1202 1512
185 1199 1509
186 1197 1505
187 1195 1495
188 1193 1491
189 1191 1480
190 1190 1478
191 1188 1476
192 1187 1474
193 1186 1471
194 1185 1467
195 1183 1463
196 1182 1459
197 1181 1443
198 1180 1442
199 1179 1440
200 1177 1438
201 1176 1435
202 1174 1431
203 1172 1428
204 1171 1426
205 1169 1423
206 1166 1420
207 1163 1417
208 1161 1413
209 1159 1409
210 1158 1406
211 1156 1403
212 1155 1400
213 1154 1397
214 1152 1396
215 1150 1394
216 1148 1392
217 1145 1389
218 1143 1385
219 1141 1381
220 1140 1378
221 1138 1375
222 1137 1371
223 1136 1367
224 1135 1363
225 1134 1357
226 1133 1353
227 1132 1349
228 1131 1348
229 1131 1346
230 1128 1344
231 1125 1341
232 1123 1337
233 1121 1333
234 1120 1329
235 1118 1326
236 1117 1324
237 1116 1321
238 1114 1318
239 1111 1316
240 1109 1314
241 1107 1311
242 1106 1310
243 1104 1308
244 1103 1306
245 1102 1303
246 1101 1302
247 1100 1300
248 1099 1298
249 1098 1295
250 1097 1292
251 1097 1289
252 1096 1288
253 1095 1286
254 1094 1284
255 1094 1281
256 1093 1278
257 1092 1276
258 1091 1274
259 1091 1272
260 1090 1271
261 1089 1269
262 1089 1268
263 1088 1266
264 1088 1264
265 1087 1262
266 1087 1260
267 1087 1258
268 1086 1257
269 1086 1255
270 1086 1254
271 1086 1252
272 1085 1250
273 1085 1247
274 1085 1245
275 1085 1243
276 1085 1242
277 1085 1240
278 1085 1238
279 1085 1236
280 1085 1234
281 1085 1232
282 1085 1230
283 1085 1227
284 1086 1224
285 1086 1221
286 1086 1218
287 1086 1216
288 1087 1214
289 1087 1211
290 1087 1209
291 1088 1208
292 1088 1207
292 1493 1502
293 1089 1205
293 1484 1508
294 1089 1204
294 1479 1511
295 1090 1202
295 1474 1512
296 1091 1200
296 1471 1514
297 1091 1197
297 1468 1515
298 1092 1193
298 1465 1515
299 1093 1188
299 1464 1516
300 1094 1186
300 1462 1517
301 1095 1184
301 1461 1517
302 1096 1182
302 1459 1517
303 1097 1180
303 1456 1518
304 1098 1178
304 1454 1518
305 1100 1176
305 1452 1518
306 1101 1175
306 1451 1518
307 1103 1174
307 1449 1518
308 1105 1173
308 1448 1518
309 1108 1172
309 1446 1518
310 1112 1171
310 1444 1517
311 1115 1169
311 1442 1517
312 1116 1168
312 1441 1517
313 1117 1166
313 1439 1516
314 1118 1164
314 1438 1515
315 1120 1161
315 1437 1515
316 1121 1157
316 1435 1514
317 1123 1153
317 1433 1513
318 1125 1150
318 1431 1511
319 1128 1147
319 1430 1510
320 1132 1143
320 1428 1508
321 1427 1506
322 1426 1505
323 1425 1503
324 1424 1501
325 1422 1501
326 1421 1501
327 1419 1501
328 1417 1502
329 1415 1502
330 1414 1502
331 1412 1502
332 1411 1502
333 1409 1502
334 1408 1502
335 1406 1502
336 1405 1502
337 1403 1502
338 1402 1502
339 1400 1502
340 1399 1501
341 1398 1501
342 1397 1501
343 1396 1501
344 1395 1500
345 1394 1500
346 1393 1500
347 1392 1499
348 1390 1499
349 1389 1498
350 1388 1498
351 1387 1497
352 1386 1496
353 1385 1496
354 1384 1495
355 1383 1494
356 1383 1493
357 1382 1492
358 1381 1491
359 1380 1490
360 1378 1489
361 1376 1488
362 1375 1487
363 1373 1485
364 1371 1484
365 1369 1482
366 1368 1481
367 1366 1479
368 1365 1477
369 1364 1476
370 1362 1474
371 1360 1473
372 1359 1471
373 1357 1469
374 1356 1467
375 1354 1466
376 1353 1465
377 1351 1464
378 1349 1462
379 1347 1461
380 1345 1459
381 1343 1457
382 1342 1455
383 1340 1453
384 1339 1452
385 1337 1450
386 1336 1449
387 1334 1448
388 1333 1446
389 1332 1446
390 1331 1446
391 1330 1446
392 1329 1445
393 1328 1445
394 1327 1445
395 1326 1444
396 909 923
396 1324 1444
397 905 927
397 1323 1444
398 902 930
398 1321 1444
399 900 932
399 1320 1443
400 898 934
400 1319 1443
401 897 935
401 1318 1443
402 895 937
402 1317 1442
403 894 938
403 1316 1442
404 893 940
404 1315 1442
405 892 942
405 1314 1442
406 891 944
406 1313 1441
407 890 945
407 1312 1441
408 889 947
408 1310 1441
409 888 949
409 1309 1440
410 888 950
410 1308 1440
411 887 952
411 1307 1440
412 886 953
412 1306 1440
413 886 954
413 1305 1440
414 885 956
414 1304 1440
415 885 957
415 1302 1441
416 884 959
416 1301 1441
417 884 961
417 1299 1441
418 884 963
418 1298 1441
419 883 965
419 1296 1441
420 883 967
420 1295 1441
421 883 969
421 1293 1441
422 883 971
422 1292 1441
423 882 972
423 1290 1441
424 882 974
424 1289 1441
425 882 976
425 1287 1441
426 882 978
426 1285 1441
427 882 979
427 1284 1440
428 882 981
428 1282 1440
429 882 983
429 1280 1440
430 882 985
430 1278 1440
431 882 987
431 1277 1439
432 882 989
432 1275 1439
433 882 990
433 1273 1439
434 882 992
434 1271 1438
435 883 995
435 1270 1438
436 883 997
436 1268 1437
437 883 1000
437 1267 1437
438 883 1003
438 1265 1436
439 884 1005
439 1264 1435
440 884 1007
440 1262 1435
441 884 1009
441 1260 1434
442 885 1012
442 1259 1433
443 885 1014
443 1257 1432
444 886 1016
444 1255 1431
445 886 1019
445 1254 1430
446 887 1021
446 1252 1429
447 887 1023
447 1250 1428
448 887 1024
448 1248 1426
449 887 1026
449 1246 1425
450 887 1028
450 1245 1424
451 887 1031
451 1243 1423
452 887 1033
452 1242 1422
453 887 1037
453 1240 1420
454 887 1042
454 1239 1419
455 887 1046
455 1238 1418
456 887 1050
456 1236 1416
457 887 1053
457 1235 1415
458 887 1057
458 1233 1413
459 888 1060
459 1232 1411
460 888 1062
460 1230 1409
461 888 1065
461 1228 1408
462 888 1067
462 1226 1406
463 889 1069
463 1225 1405
464 889 1071
464 1223 1404
465 889 1074
465 1221 1402
466 890 1076
466 1220 1401
467 890 1079
467 1218 1399
468 890 1081
468 1216 1397
469 891 1084
469 1214 1396
470 891 1087
470 1212 1394
471 891 1089
471 1210 1393
472 892 1091
472 1207 1391
473 892 1096
473 1205 1389
474 892 1100
474 1203 1386
475 893 1103
475 1201 1384
476 893 1106
476 1199 1383
477 894 1110
477 1197 1381
478 894 1113
478 1195 1380
479 894 1115
479 1194 1379
480 895 1116
480 1192 1377
481 895 1117
481 1190 1376
482 895 1119
482 1189 1374
483 896 1120
483 1187 1373
484 896 1122
484 1185 1371
485 897 1124
485 1183 1369
486 897 1126
486 1180 1368
487 898 1128
487 1176 1367
488 899 1130
488 1172 1366
489 899 1134
489 1164 1365
490 900 1138
490 1159 1364
490 1785 1787
491 901 1363
491 1782 1787
492 901 1361
492 1779 1786
493 902 1360
493 1776 1786
494 902 1358
494 1771 1786
495 902 1356
495 1768 1785
496 902 1354
496 1764 1785
497 902 1353
497 1760 1785
498 902 1351
498 1755 1785
499 903 1349
499 1748 1784
500 903 1348
500 1745 1784
501 903 1346
501 1742 1784
502 903 1345
502 1740 1784
503 904 1343
503 1738 1784
504 904 1341
504 1735 1784
505 904 1339
505 1732 1783
506 905 1337
506 1726 1783
507 905 1336
507 1723 1783
508 905 1335
508 1720 1783
509 905 1333
509 1718 1782
510 905 1332
510 1715 1782
511 905 1330
511 1712 1782
512 905 1328
512 1706 1782
513 906 1325
513 1702 1781
514 906 1323
514 1700 1781
515 906 1321
515 1696 1781
516 906 1319
516 1693 1781
517 907 1318
517 1692 1780
518 907 1316
518 1690 1780
519 908 1315
519 1688 1780
520 908 1313
520 1686 1780
521 908 1312
521 1684 1779
522 908 1310
522 1681 1779
523 908 1308
523 1677 1779
524 909 1306
524 1672 1779
525 909 1304
525 1656 1778
526 909 1303
526 1653 1778
527 909 1302
527 1650 1778
528 910 1300
528 1647 1778
529 910 1299
529 1645 1777
530 911 1297
530 1643 1777
531 911 1295
531 1640 1777
532 911 1293
532 1638 1777
533 912 1291
533 1634 1776
534 912 1289
534 1631 1776
535 912 1287
535 1628 1776
536 912 1286
536 1625 1776
537 913 1285
537 1623 1776
538 913 1284
538 1622 1775
539 914 1283
539 1622 1775
540 914 1281
540 1621 1774
541 915 1280
541 1620 1774
542 915 1279
542 1620 1773
543 915 1278
543 1620 1773
544 916 1276
544 1619 1772
545 916 1275
545 1619 1772
546 916 1274
546 1619 1772
547 916 1273
547 1619 1771
548 917 1272
548 1619 1771
549 917 1271
549 1619 1771
550 918 1269
550 1619 1771
551 918 1269
551 1619 1771
552 918 1269
552 1619 1770
553 918 1269
553 1619 1770
554 918 1269
554 1619 1770
555 919 1269
555 1619 1769
556 919 1269
556 1619 1769
557 919 1269
557 1619 1769
558 919 1269
558 1619 1769
559 920 1269
559 1619 1768
560 920 1269
560 1619 1768
561 921 1269
561 1619 1768
562 921 1269
562 1619 1768
563 921 1269
563 1619 1767
564 922 1269
564 1620 1767
565 922 1269
565 1620 1767
566 922 1270
566 1620 1767
567 922 1270
567 1620 1766
568 923 1270
568 1621 1766
569 923 1270
569 1621 1766
570 924 1270
570 1621 1766
571 924 1270
571 1622 1765
572 925 1270
572 1622 1765
573 926 1270
573 1623 1765
574 926 1270
574 1623 1765
575 927 1270
575 1624 1764
576 927 1270
576 1625 1764
577 928 1270
577 1625 1764
578 928 1270
578 1625 1764
579 928 1270
579 1625 1764
580 928 1270
580 1625 1764
581 929 1271
581 1625 1763
582 929 1271
582 1625 1763
583 930 1271
583 1625 1763
584 930 1271
584 1625 1763
585 931 1271
585 1456 1467
585 1626 1763
586 931 1271
586 1452 1471
586 1626 1762
587 932 1271
587 1449 1474
587 1626 1762
588 932 1271
588 1447 1476
588 1627 1762
589 933 1271
589 1445 1478
589 1627 1762
590 933 1271
590 1444 1479
590 1628 1762
591 934 1271
591 1442 1481
591 1628 1762
592 934 1271
592 1441 1482
592 1629 1762
593 935 1272
593 1440 1483
593 1629 1762
594 935 1272
594 1439 1484
594 1630 1762
595 936 1272
595 1438 1485
595 1630 1761
596 936 1272
596 1437 1486
596 1630 1761
597 936 1272
597 1436 1487
597 1630 1761
598 937 1272
598 1435 1488
598 1631 1760
599 937 1272
599 1435 1488
599 1631 1760
600 938 1272
600 1434 1489
600 1631 1760
601 938 1272
601 1433 1490
601 1631 1759
602 939 1272
602 1433 1490
602 1631 1759
603 939 1272
603 1432 1491
603 1631 1759
604 940 1272
604 1432 1491
604 1631 1759
605 940 1273
605 1431 1492
605 1631 1758
606 940 1273
606 1431 1492
606 1631 1758
607 941 1273
607 1431 1492
607 1631 1758
608 941 1273
608 1430 1493
608 1631 1758
609 942 1273
609 1430 1493
609 1631 1758
610 942 1273
610 1430 1493
610 1631 1757
611 943 1273
611 1430 1493
611 1631 1757
612 944 1273
612 1429 1494
612 1631 1756
613 944 1273
613 1429 1494
613 1631 1756
614 944 1273
614 1429 1494
614 1631 1756
615 944 1273
615 1429 1494
615 1632 1755
616 945 1273
616 1429 1494
616 1632 1755
617 945 1273
617 1429 1494
617 1632 1755
618 945 1273
618 1429 1494
618 1633 1755
619 945 1273
619 1429 1494
619 1633 1755
620 946 1273
620 1429 1494
620 1633 1754
621 946 1273
621 1429 1494
621 1634 1754
622 947 1273
622 1429 1494
622 1634 1754
623 947 1273
623 1429 1494
623 1634 1754
624 948 1273
624 1430 1493
624 1635 1754
625 949 1273
625 1430 1493
625 1635 1754
626 949 1273
626 1430 1493
626 1635 1754
627 950 1273
627 1430 1493
627 1635 1753
628 951 1273
628 1431 1492
628 1636 1753
629 951 1273
629 1431 1492
629 1636 1753
630 952 1273
630 1431 1492
630 1636 1753
631 953 1273
631 1432 1491
631 1636 1752
632 953 1273
632 1432 1491
632 1636 1752
633 954 1273
633 1433 1490
633 1637 1752
634 954 1273
634 1433 1490
634 1637 1752
635 955 1273
635 1434 1489
635 1637 1751
636 956 1273
636 1435 1488
636 1637 1751
637 956 1274
637 1435 1488
637 1637 1751
638 957 1274
638 1436 1487
638 1637 1751
639 958 1274
639 1437 1486
639 1638 1750
640 959 1274
640 1438 1485
640 1638 1750
641 960 1274
641 1439 1484
641 1638 1750
642 961 1275
642 1440 1483
642 1638 1750
643 962 1275
643 1441 1482
643 1638 1750
644 964 1275
644 1442 1481
644 1638 1750
645 965 1275
645 1444 1479
645 1639 1749
646 967 1275
646 1445 1478
646 1639 1749
647 968 1275
647 1447 1476
647 1639 1749
648 970 1275
648 1449 1474
648 1639 1749
649 971 1275
649 1452 1471
649 1639 1748
650 972 1275
650 1456 1467
650 1640 1748
651 973 1275
651 1640 1748
652 975 1275
652 1640 1748
653 976 1275
653 1640 1747
654 978 1275
654 1640 1747
655 980 1275
655 1640 1747
656 981 1275
656 1641 1747
657 982 1275
657 1641 1746
658 984 1275
658 1641 1746
659 985 1275
659 1641 1746
660 987 1275
660 1641 1746
661 989 1275
661 1642 1745
662 990 1276
662 1642 1745
663 992 1276
663 1642 1745
664 994 1276
664 1642 1744
665 996 1276
665 1642 1744
666 996 1276
666 1643 1744
667 997 1276
667 1643 1743
668 999 1276
668 1643 1743
669 1001 1276
669 1643 1743
670 1002 1277
670 1643 1743
671 1004 1277
671 1642 1742
672 1006 1277
672 1642 1742
673 1009 1277
673 1641 1742
674 1011 1277
674 1641 1742
675 1013 1277
675 1641 1742
676 1014 1277
676 1640 1742
677 1016 1277
677 1640 1741
678 1018 1277
678 1640 1741
679 1021 1278
679 1640 1741
680 1024 1279
680 1639 1740
681 1026 1280
681 1639 1740
682 1029 1281
682 1639 1739
683 1031 1282
683 1639 1739
684 1033 1283
684 1638 1738
685 1035 1284
685 1638 1738
686 1038 1285
686 1637 1738
687 1040 1285
687 1637 1737
688 1043 1286
688 1636 1737
689 1045 1287
689 1636 1737
690 1047 1288
690 1636 1737
691 1049 1289
691 1635 1737
692 1051 1289
692 1635 1736
693 1052 1290
693 1635 1736
694 1054 1291
694 1635 1736
695 1056 1291
695 1634 1736
696 241 241
696 1058 1292
696 1634 1736
697 241 242
697 1060 1293
697 1634 1736
698 242 243
698 1062 1294
698 1634 1736
699 242 245
699 1064 1295
699 1634 1735
700 242 246
700 1067 1296
700 1633 1735
701 242 247
701 1069 1297
701 1633 1735
702 243 249
702 1070 1298
702 1632 1735
703 243 250
703 1072 1299
703 1631 1734
704 243 252
704 1074 1300
704 1631 1734
705 244 253
705 1075 1301
705 1630 1734
706 244 254
706 1077 1303
706 1630 1734
707 244 256
707 1078 1304
707 1629 1734
708 245 257
708 1080 1305
708 1629 1734
709 245 259
709 1081 1306
709 1629 1734
710 245 260
710 1082 1307
710 1628 1734
711 245 261
711 1084 1308
711 1628 1733
712 246 263
712 1086 1309
712 1628 1733
713 246 264
713 1087 1310
713 1628 1733
714 246 266
714 1089 1311
714 1627 1733
715 247 267
715 1091 1312
715 1627 1733
716 247 268
716 1093 1314
716 1627 1733
717 247 270
717 1095 1315
717 1627 1733
718 247 271
718 1097 1316
718 1626 1733
719 248 256
719 258 272
719 375 375
719 1098 1317
719 1626 1733
720 248 257
720 259 274
720 374 376
720 1100 1318
720 1625 1733
721 248 257
721 260 275
721 373 376
721 1101 1319
721 1625 1733
722 249 257
722 259 260
722 262 277
722 372 377
722 504 504
722 1103 1320
722 1625 1733
723 249 257
723 259 261
723 263 278
723 371 377
723 502 503
723 1104 1321
723 1624 1733
724 249 258
724 260 262
724 265 279
724 371 378
724 500 503
724 1106 1322
724 1624 1733
725 250 258
725 260 264
725 266 281
725 370 379
725 498 503
725 1107 1323
725 1624 1733
726 250 258
726 260 265
726 267 282
726 369 379
726 496 502
726 1109 1324
726 1623 1733
727 250 267
727 269 284
727 368 380
727 494 502
727 1110 1326
727 1622 1732
728 250 259
728 261 268
728 270 285
728 367 381
728 492 501
728 1113 1327
728 1622 1732
729 251 259
729 261 269
729 272 286
729 366 381
729 490 501
729 1115 1328
729 1621 1732
730 251 271
730 273 288
730 366 382
730 488 501
730 1118 1329
730 1621 1732
731 251 260
731 262 272
731 274 289
731 365 382
731 486 500
731 1120 1330
731 1620 1732
732 252 260
732 262 274
732 276 291
732 364 383
732 484 500
732 1122 1331
732 1620 1732
733 252 260
733 262 275
733 277 292
733 363 384
733 482 499
733 1125 1332
733 1619 1732
734 252 276
734 279 293
734 362 373
734 375 384
734 480 499
734 1127 1333
734 1619 1732
735 253 261
735 263 278
735 280 295
735 361 372
735 375 385
735 478 498
735 1129 1333
735 1619 1732
736 253 261
736 263 279
736 281 296
736 360 371
736 373 374
736 376 386
736 476 498
736 1130 1334
736 1618 1732
737 253 281
737 283 297
737 360 371
737 373 375
737 377 386
737 474 498
737 1133 1336
737 1618 1732
738 253 262
738 264 282
738 284 299
738 359 370
738 372 375
738 377 387
738 471 497
738 1135 1337
738 1618 1732
739 254 262
739 264 283
739 285 300
739 358 369
739 371 376
739 378 387
739 469 497
739 1137 1339
739 1617 1732
740 254 285
740 287 302
740 357 368
740 370 388
740 467 496
740 1138 1342
740 1616 1732
741 254 263
741 265 286
741 288 303
741 356 367
741 369 377
741 379 389
741 465 485
741 487 496
741 1140 1344
741 1616 1732
742 255 263
742 265 287
742 290 304
742 355 366
742 368 378
742 380 389
742 463 483
742 486 495
742 1142 1346
742 1615 1732
743 255 263
743 265 289
743 291 306
743 354 365
743 367 378
743 380 390
743 461 481
743 483 484
743 486 495
743 1144 1347
743 1614 1732
744 255 290
744 292 307
744 354 365
744 367 379
744 381 391
744 459 479
744 481 495
744 1145 1349
744 1614 1732
745 255 264
745 266 292
745 294 309
745 353 364
745 366 380
745 382 391
745 457 477
745 479 483
745 485 494
745 1147 1350
745 1613 1732
746 256 264
746 266 293
746 295 310
746 352 363
746 365 380
746 382 392
746 455 475
746 477 483
746 485 494
746 1148 1352
746 1613 1732
747 256 294
747 297 311
747 351 362
747 364 381
747 383 392
747 453 473
747 475 482
747 484 493
747 1150 1353
747 1612 1732
748 256 265
748 267 296
748 298 313
748 350 361
748 363 393
748 451 471
748 473 482
748 484 493
748 1151 1355
748 1611 1732
749 257 265
749 267 297
749 299 314
749 349 360
749 362 382
749 384 394
749 449 469
749 471 492
749 1153 1356
749 1611 1731
750 257 265
750 267 299
750 301 316
750 348 359
750 361 383
750 385 394
750 447 467
750 469 481
750 483 492
750 1154 1357
750 1610 1731
751 257 300
751 302 317
751 348 359
751 361 383
751 385 395
751 445 465
751 467 492
751 1155 1358
751 1610 1731
752 258 266
752 268 301
752 304 318
752 347 358
752 360 384
752 386 396
752 443 463
752 465 480
752 482 491
752 1157 1359
752 1609 1731
753 258 266
753 268 303
753 305 320
753 346 357
753 359 385
753 387 396
753 441 461
753 463 480
753 482 491
753 1158 1360
753 1609 1730
754 258 304
754 306 321
754 345 356
754 358 385
754 387 397
754 439 459
754 461 479
754 481 490
754 1160 1361
754 1609 1730
755 258 267
755 269 306
755 308 323
755 344 355
755 357 386
755 388 397
755 437 456
755 459 479
755 481 490
755 1161 1362
755 1608 1730
756 259 267
756 269 307
756 309 324
756 343 354
756 356 398
756 435 454
756 457 489
756 1163 1363
756 1608 1730
757 259 308
757 311 325
757 342 353
757 355 387
757 389 399
757 433 452
757 455 478
757 480 489
757 1165 1364
757 1608 1730
758 259 268
758 270 310
758 312 327
758 342 353
758 355 388
758 390 399
758 431 450
758 453 489
758 1168 1364
758 1608 1730
759 260 268
759 270 311
759 313 328
759 341 352
759 354 388
759 390 400
759 429 448
759 451 477
759 479 488
759 1170 1365
759 1607 1730
760 260 268
760 270 312
760 315 329
760 340 351
760 353 389
760 391 401
760 427 446
760 449 477
760 479 488
760 1171 1366
760 1607 1730
761 260 314
761 316 331
761 339 350
761 352 390
761 392 401
761 425 444
761 447 476
761 478 487
761 1173 1367
761 1606 1730
762 260 269
762 271 315
762 317 332
762 338 349
762 351 390
762 392 402
762 423 442
762 445 476
762 478 487
762 1175 1371
762 1605 1730
763 261 269
763 271 317
763 319 334
763 337 348
763 350 391
763 393 402
763 420 440
763 443 486
763 1177 1376
763 1605 1730
764 261 318
764 320 403
764 418 438
764 441 475
764 477 486
764 1178 1384
764 1604 1730
765 261 270
765 272 319
765 322 347
765 349 392
765 394 404
765 416 436
765 439 486
765 1181 1391
765 1603 1729
766 262 270
766 272 321
766 323 346
766 348 393
766 395 404
766 414 434
766 437 474
766 476 485
766 1183 1395
766 1603 1729
767 262 270
767 272 322
767 324 345
767 347 393
767 395 405
767 412 432
767 435 474
767 476 485
767 1185 1398
767 1602 1729
768 262 271
768 273 324
768 326 344
768 346 394
768 396 406
768 410 430
768 433 473
768 475 484
768 1186 1400
768 1602 1729
769 263 271
769 273 325
769 327 343
769 345 395
769 397 406
769 408 428
769 430 473
769 475 484
769 1188 1403
769 1601 1728
770 263 271
770 273 326
770 329 342
770 344 395
770 397 426
770 428 483
770 1190 1405
770 1601 1728
771 263 328
771 330 396
771 398 424
771 426 472
771 474 483
771 1192 1408
771 1601 1728
772 263 272
772 274 329
772 331 341
772 343 422
772 424 472
772 474 483
772 1194 1413
772 1600 1728
773 264 272
773 274 331
773 333 340
773 342 397
773 399 420
773 422 471
773 473 482
773 1196 1419
773 1600 1728
774 264 332
774 334 339
774 341 398
774 400 418
774 420 471
774 473 482
774 1199 1423
774 1600 1728
775 264 273
775 275 333
775 336 338
775 340 398
775 400 416
775 418 481
775 1201 1426
775 1599 1728
776 265 273
776 275 335
776 337 337
776 339 399
776 401 414
776 416 470
776 472 481
776 1203 1428
776 1599 1728
777 265 273
777 275 336
777 338 400
777 402 412
777 414 481
777 1206 1431
777 1598 1728
778 265 400
778 402 410
778 412 469
778 471 480
778 1208 1435
778 1597 1728
779 266 274
779 276 401
779 403 408
779 410 469
779 471 480
779 1210 1438
779 1596 1727
780 266 274
780 276 406
780 408 468
780 470 479
780 1212 1440
780 1595 1727
781 266 402
781 406 468
781 470 479
781 1214 1442
781 1594 1727
782 266 275
782 277 478
782 1216 1445
782 1593 1727
783 267 275
783 277 467
783 469 478
783 1218 1467
783 1592 1726
784 267 478
784 1219 1470
784 1591 1726
785 267 276
785 278 466
785 468 477
785 1221 1474
785 1590 1726
786 268 276
786 278 466
786 468 477
786 1222 1481
786 1588 1726
787 268 276
787 278 465
787 467 476
787 1224 1487
787 1582 1725
788 268 465
788 467 476
788 1225 1490
788 1578 1725
789 268 277
789 279 475
789 1227 1492
789 1575 1725
790 269 277
790 279 464
790 466 475
790 1228 1494
790 1573 1724
791 269 475
791 1229 1497
791 1571 1724
792 269 278
792 280 463
792 465 474
792 1230 1500
792 1570 1723
793 270 278
793 280 463
793 465 474
793 1232 1503
793 1552 1723
794 270 278
794 280 462
794 464 473
794 1234 1505
794 1548 1723
795 270 462
795 464 473
795 1235 1506
795 1542 1722
796 271 279
796 281 472
796 1237 1509
796 1522 1722
797 271 279
797 281 461
797 463 472
797 1239 1511
797 1513 1722
798 271 472
798 1242 1721
799 271 280
799 282 460
799 462 471
799 1244 1721
800 272 280
800 282 460
800 462 471
800 1246 1721
801 272 459
801 461 470
801 1248 1720
802 272 281
802 283 459
802 461 470
802 1249 1720
803 273 281
803 283 469
803 1251 1719
804 273 281
804 283 458
804 460 469
804 1253 1719
805 273 469
805 1256 1718
806 273 282
806 284 457
806 459 468
806 1258 1717
807 274 282
807 284 457
807 459 468
807 1261 1717
808 274 456
808 458 467
808 1262 1717
809 271 283
809 285 456
809 458 467
809 1264 1717
810 269 283
810 285 466
810 1266 1716
811 266 283
811 285 455
811 457 466
811 1269 1716
812 264 284
812 286 466
812 1271 1716
813 261 284
813 286 454
813 456 465
813 1273 1715
814 258 283
814 286 454
814 456 465
814 1275 1715
815 256 280
815 283 453
815 455 464
815 1277 1714
816 253 278
816 280 453
816 455 464
816 1278 1714
817 250 275
817 278 463
817 1280 1714
818 248 272
818 275 452
818 454 463
818 1282 1713
819 245 270
819 273 452
819 454 463
819 1284 1713
820 243 267
820 270 451
820 453 462
820 1285 1713
821 240 264
821 267 451
821 453 462
821 1286 1712
822 237 262
822 265 464
822 1288 1712
823 235 259
823 262 450
823 452 467
823 1289 1711
824 232 257
824 260 469
824 1291 1711
825 230 254
825 257 449
825 451 472
825 1293 1710
826 227 251
826 254 449
826 451 474
826 1296 1709
827 224 249
827 252 450
827 453 477
827 1299 1709
828 222 246
828 249 453
828 456 479
828 1301 1708
829 219 244
829 247 455
829 458 481
829 1302 1708
830 217 241
830 244 458
830 460 484
830 1304 1708
831 218 238
831 241 460
831 463 486
831 1306 1707
832 219 236
832 239 462
832 465 489
832 1308 1707
833 220 233
833 236 465
833 468 491
833 1312 1706
834 220 231
834 234 467
834 470 494
834 1312 1706
835 221 232
835 234 470
835 472 496
835 1315 1705
836 222 233
836 235 472
836 475 498
836 1317 1704
837 223 234
837 236 475
837 477 501
837 1320 1704
838 224 235
838 237 477
838 480 503
838 1322 1703
839 225 236
839 238 479
839 482 506
839 1324 1703
840 226 237
840 239 482
840 485 508
840 1325 1702
841 226 237
841 239 484
841 487 510
841 1327 1702
842 227 238
842 240 487
842 489 513
842 1328 1701
843 228 239
843 241 489
843 492 515
843 1330 1701
844 229 240
844 242 492
844 494 518
844 1331 1700
845 230 241
845 243 494
845 497 520
845 1333 1700
846 231 242
846 244 496
846 499 523
846 1334 1700
847 232 243
847 245 499
847 502 525
847 1335 1699
848 232 243
848 245 501
848 504 527
848 1337 1699
849 233 244
849 246 504
849 506 530
849 1338 1698
850 234 245
850 247 506
850 509 532
850 1339 1698
851 235 246
851 248 509
851 511 535
851 1341 1697
852 236 247
852 249 511
852 514 537
852 1342 1697
853 237 248
853 250 513
853 516 537
853 1344 1696
854 238 249
854 251 516
854 518 535
854 1346 1696
855 238 249
855 251 514
855 517 534
855 1349 1695
856 239 250
856 252 512
856 515 532
856 1353 1695
857 240 251
857 253 511
857 513 530
857 1357 1694
858 241 252
858 254 509
858 511 528
858 1361 1694
859 242 253
859 255 507
859 510 527
859 1370 1694
860 243 254
860 256 506
860 508 525
860 1374 1693
861 244 504
861 506 523
861 1033 1035
861 1385 1693
862 244 255
862 257 502
862 504 522
862 1032 1036
862 1400 1692
863 245 256
863 258 500
863 503 520
863 1031 1038
863 1405 1692
864 246 257
864 259 499
864 501 518
864 1029 1040
864 1409 1692
865 247 258
865 260 497
865 499 516
865 1028 1042
865 1482 1691
866 248 259
866 261 495
866 498 515
866 1026 1044
866 1483 1691
867 249 260
867 262 494
867 496 513
867 1024 1047
867 1484 1691
868 250 492
868 494 511
868 1022 1050
868 1486 1690
869 250 261
869 263 490
869 492 510
869 1020 1053
869 1487 1690
870 251 262
870 264 488
870 491 508
870 1018 1054
870 1489 1690
871 252 263
871 265 487
871 489 506
871 1017 1056
871 1491 1690
872 253 264
872 266 485
872 487 504
872 1015 1057
872 1493 1690
873 254 265
873 267 483
873 486 503
873 1013 1059
873 1495 1690
874 255 266
874 268 481
874 484 501
874 1012 1060
874 1496 1690
875 256 480
875 482 499
875 1010 1062
875 1498 1690
876 256 267
876 269 478
876 480 498
876 1007 1063
876 1499 1690
877 256 267
877 269 476
877 479 496
877 1006 1064
877 1501 1690
878 255 266
878 268 475
878 477 494
878 1005 1065
878 1503 1689
879 254 265
879 267 473
879 475 492
879 1004 1066
879 1504 1689
880 253 264
880 266 471
880 474 491
880 1003 1068
880 1506 1689
881 252 469
881 472 489
881 1002 1069
881 1507 1689
882 251 263
882 265 468
882 470 487
882 1001 1071
882 1508 1689
883 250 262
883 264 466
883 468 485
883 1000 1073
883 1510 1689
884 249 261
884 263 464
884 467 484
884 999 1074
884 1511 1689
885 248 260
885 262 463
885 465 482
885 998 1076
885 1513 1689
886 247 259
886 261 461
886 463 480
886 997 1079
886 1515 1689
887 246 258
887 260 459
887 461 479
887 997 1080
887 1518 1689
888 245 257
888 259 457
888 460 477
888 996 1082
888 1519 1689
889 244 256
889 258 456
889 458 475
889 995 1083
889 1521 1689
890 243 255
890 257 456
890 458 473
890 995 1085
890 1523 1689
891 243 254
891 256 457
891 459 472
891 994 1087
891 1525 1689
892 242 253
892 255 457
892 459 470
892 993 1089
892 1526 1689
893 241 252
893 254 468
893 993 1090
893 1528 1689
894 240 251
894 253 458
894 460 468
894 992 1092
894 1530 1689
895 239 250
895 252 458
895 460 469
895 992 1094
895 1532 1689
896 238 249
896 251 469
896 991 1096
896 1533 1689
897 237 248
897 250 459
897 461 469
897 991 1098
897 1535 1689
898 236 459
898 461 470
898 991 1100
898 1537 1689
899 235 247
899 249 460
899 462 470
899 990 1102
899 1538 1689
900 234 246
900 248 460
900 462 471
900 990 1105
900 1540 1689
901 233 245
901 247 471
901 989 1109
901 1541 1689
902 232 244
902 246 461
902 463 471
902 989 1110
902 1542 1690
903 231 243
903 245 461
903 463 472
903 988 1112
903 1543 1690
904 230 242
904 244 472
904 987 1114
904 1544 1690
905 229 241
905 243 462
905 464 472
905 987 1116
905 1545 1690
906 228 240
906 242 462
906 464 473
906 986 1117
906 1546 1690
907 227 239
907 241 463
907 465 473
907 986 1119
907 1547 1690
908 227 238
908 240 463
908 465 474
908 986 1121
908 1548 1690
909 226 237
909 239 474
909 986 1123
909 1549 1690
910 225 236
910 238 464
910 466 474
910 986 1126
910 1550 1690
911 224 235
911 237 464
911 466 475
911 986 1129
911 1551 1691
912 223 234
912 236 475
912 986 1134
912 1553 1691
913 222 233
913 235 465
913 467 475
913 986 1136
913 1554 1691
914 221 232
914 234 465
914 467 476
914 986 1138
914 1556 1691
915 220 232
915 234 476
915 986 1140
915 1558 1692
916 219 231
916 233 466
916 468 477
916 986 1141
916 1559 1692
917 218 230
917 232 477
917 986 1142
917 1561 1692
918 217 229
918 231 467
918 469 477
918 986 1143
918 1562 1693
919 216 228
919 230 467
919 469 478
919 986 1144
919 1564 1693
920 215 227
920 229 478
920 986 1145
920 1565 1693
921 214 226
921 228 468
921 470 478
921 985 1146
921 1566 1693
922 213 225
922 227 468
922 470 479
922 985 1147
922 1567 1693
923 212 224
923 226 479
923 985 1147
923 1569 1693
924 211 223
924 225 469
924 471 480
924 985 1148
924 1570 1693
925 211 222
925 224 469
925 471 480
925 985 1149
925 1572 1693
926 210 221
926 223 470
926 472 480
926 985 1150
926 1574 1693
927 209 220
927 222 470
927 472 481
927 985 1151
927 1577 1693
928 208 219
928 221 481
928 985 1152
928 1580 1694
929 207 218
929 220 471
929 473 481
929 984 1152
929 1584 1694
930 206 217
930 219 471
930 473 482
930 984 1153
930 1587 1694
931 205 216
931 218 482
931 984 1153
931 1590 1694
932 204 216
932 218 472
932 474 483
932 983 1154
932 1593 1694
933 203 215
933 217 285
933 299 472
933 474 483
933 983 1155
933 1597 1694
934 202 214
934 216 265
934 280 297
934 299 473
934 475 483
934 983 1155
934 1600 1694
935 201 213
935 215 246
935 261 297
935 299 473
935 475 484
935 983 1156
935 1602 1694
936 200 212
936 214 227
936 241 297
936 299 484
936 984 1157
936 1603 1694
937 199 211
937 222 297
937 299 474
937 476 484
937 984 1158
937 1603 1694
938 198 297
938 299 474
938 476 485
938 984 1158
938 1603 1694
939 197 485
939 984 1159
939 1603 1694
940 196 475
940 477 486
940 984 1160
940 1604 1694
941 196 467
941 477 486
941 984 1161
941 1604 1695
942 195 296
942 298 421
942 454 486
942 984 1162
942 1604 1695
943 194 283
943 288 296
943 298 419
943 421 487
943 984 1163
943 1605 1695
944 193 263
944 288 296
944 298 487
944 984 1164
944 1605 1695
945 192 244
945 288 296
945 298 418
945 420 487
945 984 1165
945 1605 1695
946 191 225
946 288 296
946 298 418
946 420 488
946 984 1166
946 1605 1695
947 190 206
947 288 296
947 298 418
947 420 488
947 984 1167
947 1605 1695
948 287 418
948 420 489
948 984 1167
948 1605 1695
949 287 418
949 420 489
949 984 1168
949 1605 1695
950 287 489
950 984 1169
950 1605 1695
951 287 295
951 297 462
951 984 1169
951 1605 1695
952 287 295
952 297 417
952 419 427
952 985 1170
952 1605 1695
953 287 295
953 297 417
953 419 427
953 985 1171
953 1605 1695
954 287 295
954 297 417
954 419 427
954 985 1172
954 1605 1695
955 287 295
955 297 417
955 419 427
955 985 1172
955 1605 1696
956 287 295
956 297 427
956 985 1173
956 1605 1696
957 286 427
957 985 1174
957 1605 1696
958 286 416
958 418 426
958 985 1175
958 1605 1696
959 286 356
959 358 416
959 418 426
959 985 1176
959 1605 1696
960 286 294
960 296 355
960 357 357
960 359 416
960 418 426
960 985 1178
960 1605 1696
961 286 294
961 296 354
961 356 357
961 359 416
961 418 426
961 985 1179
961 1605 1696
962 286 294
962 296 353
962 355 358
962 360 426
962 985 1180
962 1605 1696
963 286 294
963 296 351
963 354 359
963 361 426
963 985 1180
963 1605 1696
964 286 294
964 296 350
964 352 360
964 362 415
964 417 425
964 985 1181
964 1605 1696
965 286 294
965 296 349
965 351 361
965 363 415
965 417 425
965 985 1182
965 1605 1696
966 285 348
966 350 362
966 364 415
966 417 425
966 985 1183
966 1605 1696
967 285 346
967 349 363
967 365 415
967 417 425
967 985 1184
967 1605 1696
968 285 293
968 295 345
968 347 364
968 366 425
968 985 1185
968 1605 1697
969 285 293
969 295 344
969 346 365
969 367 425
969 985 1187
969 1605 1697
970 285 293
970 295 343
970 345 366
970 368 414
970 416 424
970 985 1188
970 1605 1697
971 285 293
971 295 341
971 344 367
971 369 414
971 416 424
971 985 1189
971 1605 1697
972 285 293
972 295 340
972 342 368
972 370 414
972 416 424
972 985 1190
972 1605 1697
973 285 293
973 295 339
973 341 355
973 357 369
973 371 414
973 416 424
973 985 1190
973 1605 1697
974 284 338
974 340 353
974 358 370
974 372 424
974 985 1191
974 1605 1697
975 284 336
975 338 352
975 359 371
975 373 424
975 985 1192
975 1605 1697
976 284 335
976 337 351
976 360 372
976 374 413
976 415 423
976 985 1193
976 1605 1697
977 284 292
977 294 334
977 336 350
977 361 373
977 375 413
977 415 423
977 985 1194
977 1605 1697
978 284 292
978 294 333
978 335 348
978 362 374
978 376 413
978 415 423
978 985 1195
978 1605 1698
979 284 292
979 294 331
979 333 347
979 363 375
979 377 413
979 415 423
979 985 1196
979 1605 1698
980 284 292
980 294 330
980 332 346
980 364 376
980 378 423
980 986 1198
980 1605 1698
981 284 292
981 294 329
981 331 345
981 365 377
981 379 423
981 986 1199
981 1606 1698
982 284 292
982 294 328
982 330 343
982 366 378
982 380 412
982 414 422
982 986 1200
982 1606 1698
983 283 326
983 328 342
983 367 379
983 381 412
983 414 422
983 986 1202
983 1606 1698
984 283 325
984 327 341
984 368 380
984 382 412
984 414 422
984 987 1203
984 1606 1698
985 283 324
985 326 340
985 369 381
985 383 412
985 414 422
985 987 1204
985 1606 1699
986 283 291
986 293 323
986 325 338
986 370 382
986 384 422
986 987 1205
986 1606 1699
987 283 291
987 293 321
987 323 337
987 371 383
987 385 422
987 988 1206
987 1606 1699
988 283 291
988 293 320
988 322 336
988 372 384
988 386 411
988 413 421
988 988 1207
988 1606 1699
989 283 291
989 293 319
989 321 335
989 373 385
989 387 411
989 413 421
989 988 1208
989 1606 1699
990 283 291
990 293 317
990 320 333
990 374 386
990 388 411
990 413 421
990 988 1209
990 1606 1699
991 283 291
991 293 316
991 318 332
991 375 387
991 389 411
991 413 421
991 988 1210
991 1606 1699
992 282 315
992 317 331
992 376 388
992 390 421
992 988 1211
992 1606 1700
993 282 314
993 316 330
993 377 389
993 391 421
993 988 1212
993 1606 1700
994 282 312
994 315 328
994 378 390
994 392 410
994 412 421
994 988 1213
994 1606 1700
995 282 290
995 292 311
995 313 327
995 379 410
995 412 420
995 988 1214
995 1606 1700
996 282 290
996 292 310
996 312 326
996 380 391
996 393 410
996 412 420
996 988 1215
996 1606 1700
997 282 290
997 292 309
997 311 324
997 381 392
997 394 410
997 412 420
997 931 1216
997 1606 1700
998 282 290
998 292 307
998 310 323
998 382 393
998 395 420
998 899 1217
998 1606 1700
999 282 290
999 292 306
999 308 322
999 383 394
999 396 420
999 895 1218
999 1606 1701
1000 282 290
1000 292 305
1000 307 321
1000 384 395
1000 397 409
1000 411 420
1000 892 1219
1000 1606 1701
1001 281 304
1001 306 319
1001 385 396
1001 398 409
1001 411 419
1001 795 1219
1001 1606 1701
1002 281 302
1002 305 318
1002 386 397
1002 399 409
1002 411 419
1002 747 1220
1002 1606 1701
1003 281 301
1003 303 317
1003 387 398
1003 400 409
1003 411 419
1003 743 1220
1003 1606 1701
1004 281 289
1004 291 300
1004 302 316
1004 387 399
1004 401 419
1004 724 1221
1004 1606 1701
1005 281 289
1005 291 299
1005 301 314
1005 388 400
1005 402 419
1005 720 1222
1005 1606 1701
1006 281 289
1006 291 297
1006 300 313
1006 389 401
1006 403 408
1006 410 419
1006 667 1223
1006 1606 1701
1007 281 289
1007 291 296
1007 298 312
1007 390 402
1007 404 408
1007 410 418
1007 663 1223
1007 1606 1701
1008 281 289
1008 291 295
1008 297 311
1008 391 403
1008 405 408
1008 410 418
1008 635 1224
1008 1606 1701
1009 281 289
1009 291 294
1009 296 309
1009 392 404
1009 406 408
1009 410 418
1009 622 1225
1009 1606 1701
1010 280 292
1010 294 308
1010 393 405
1010 407 418
1010 618 1226
1010 1606 1701
1011 280 291
1011 293 307
1011 394 406
1011 408 418
1011 615 1227
1011 1606 1701
1012 280 288
1012 290 290
1012 292 306
1012 395 407
1012 409 418
1012 612 1228
1012 1606 1701
1013 280 288
1013 291 304
1013 396 417
1013 610 1228
1013 1606 1701
1014 280 303
1014 397 417
1014 608 1229
1014 1606 1701
1015 280 302
1015 398 417
1015 606 1230
1015 1606 1701
1016 280 301
1016 399 417
1016 604 1230
1016 1606 1701
1017 280 299
1017 400 417
1017 603 1230
1017 1606 1701
1018 279 298
1018 401 417
1018 601 1231
1018 1606 1701
1019 279 297
1019 402 416
1019 600 1231
1019 1606 1701
1020 279 296
1020 403 416
1020 598 1232
1020 1606 1701
1021 279 294
1021 404 416
1021 596 1233
1021 1606 1701
1022 279 293
1022 405 416
1022 595 1233
1022 1606 1701
1023 279 292
1023 406 416
1023 593 1234
1023 1606 1701
1024 279 291
1024 407 416
1024 592 1234
1024 1606 1701
1025 279 289
1025 408 415
1025 590 1235
1025 1606 1701
1026 279 288
1026 409 415
1026 589 1236
1026 1606 1701
1027 278 287
1027 410 415
1027 588 1237
1027 1606 1701
1028 278 286
1028 411 415
1028 586 1237
1028 1606 1701
1029 278 284
1029 412 415
1029 585 1238
1029 1606 1701
1030 278 283
1030 413 415
1030 583 1238
1030 1606 1701
1031 278 282
1031 414 414
1031 582 1239
1031 1606 1701
1032 278 280
1032 580 1239
1032 1606 1701
1033 278 279
1033 578 1240
1033 1606 1701
1034 278 278
1034 577 1240
1034 1606 1701
1035 575 1241
1035 1606 1701
1036 574 1241
1036 1606 1702
1037 572 1242
1037 1606 1702
1038 570 1242
1038 1606 1702
1039 569 1243
1039 1606 1702
1040 567 1243
1040 1606 1702
1041 566 1244
1041 1606 1702
1042 565 1245
1042 1606 1702
1043 564 1245
1043 1606 1702
1044 563 1246
1044 1606 1702
1045 561 1247
1045 1606 1703
1046 560 1248
1046 1606 1703
1047 559 1248
1047 1606 1703
1048 558 1249
1048 1606 1703
1049 557 1249
1049 1606 1703
1050 556 1250
1050 1606 1703
1051 555 1250
1051 1606 1703
1052 554 1251
1052 1606 1703
1053 552 1251
1053 1606 1703
1054 551 1252
1054 1606 1703
1055 550 1252
1055 1606 1704
1056 549 1253
1056 1607 1704
1057 548 1253
1057 1607 1704
1058 547 1254
1058 1607 1704
1059 546 1254
1059 1607 1704
1060 544 1255
1060 1607 1704
1061 543 1255
1061 1607 1704
1062 542 1256
1062 1607 1704
1063 540 1256
1063 1607 1704
1064 538 1257
1064 1607 1705
1065 538 1258
1065 1607 1705
1066 537 1259
1066 1607 1705
1067 537 1259
1067 1607 1705
1068 536 1260
1068 1607 1705
1069 535 1260
1069 1607 1705
1070 535 1261
1070 1607 1705
1071 535 1261
1071 1607 1705
1072 535 1262
1072 1607 1705
1073 535 1262
1073 1608 1705
1074 535 1263
1074 1608 1705
1075 535 1263
1075 1608 1705
1076 535 1264
1076 1608 1705
1077 535 1265
1077 1608 1705
1078 535 1265
1078 1608 1705
1079 535 1266
1079 1608 1705
1080 535 1266
1080 1608 1705
1081 535 1266
1081 1608 1706
1082 535 1267
1082 1608 1706
1083 535 1267
1083 1608 1706
1084 535 1268
1084 1608 1707
1085 535 1268
1085 1608 1707
1086 535 1268
1086 1608 1707
1087 535 1269
1087 1608 1708
1088 535 1269
1088 1608 1708
1089 536 1269
1089 1608 1708
1090 537 1269
1090 1608 1709
1091 537 1270
1091 1608 1709
1092 538 1270
1092 1608 1709
1093 539 1270
1093 1608 1710
1094 540 1270
1094 1608 1710
1095 540 1270
1095 1608 1710
1096 541 1270
1096 1608 1711
1097 542 1270
1097 1608 1711
1098 542 1270
1098 1608 1712
1099 543 1270
1099 1609 1713
1100 543 1270
1100 1609 1714
1101 544 889
1101 990 1270
1101 1609 1716
1102 545 773
1102 991 1270
1102 1609 1717
1103 545 747
1103 993 1270
1103 1609 1720
1104 546 705
1104 994 1270
1104 1609 1721
1105 546 702
1105 996 1270
1105 1609 1723
1106 547 698
1106 998 1270
1106 1609 1724
1107 547 678
1107 1001 1270
1107 1609 1724
1108 548 667
1108 1005 1270
1108 1609 1725
1109 548 663
1109 1016 1270
1109 1609 1727
1110 548 650
1110 1018 1270
1110 1609 1728
1111 549 643
1111 1020 1270
1111 1609 1728
1112 550 636
1112 1023 1270
1112 1609 1729
1113 550 633
1113 1024 1270
1113 1609 1730
1114 551 629
1114 1026 1270
1114 1609 1730
1115 551 611
1115 1027 1270
1115 1609 1730
1116 552 598
1116 1029 1270
1116 1609 1731
1117 552 594
1117 1031 1270
1117 1609 1731
1118 553 571
1118 1033 1270
1118 1609 1731
1119 1034 1270
1119 1609 1731
1120 1035 1270
1120 1609 1731
1121 1036 1269
1121 1609 1731
1122 1037 1269
1122 1608 1731
1123 1038 1269
1123 1608 1730
1124 1039 1269
1124 1608 1730
1125 1041 1269
1125 1608 1730
1126 1042 1269
1126 1609 1729
1127 1044 1269
1127 1609 1728
1128 1045 1269
1128 1609 1728
1129 1046 1269
1129 1609 1727
1130 1047 1269
1130 1609 1725
1131 1048 1268
1131 1610 1724
1132 1049 1268
1132 1610 1721
1133 1050 1268
1133 1610 1696
1134 1051 1268
1134 1610 1696
1135 1053 1268
1135 1611 1696
1136 1054 1268
1136 1611 1696
1137 1056 1268
1137 1611 1696
1138 1057 1267
1138 1611 1696
1139 1058 1267
1139 1611 1696
1140 1059 1267
1140 1611 1696
1141 1059 1267
1141 1612 1696
1142 1060 1267
1142 1612 1696
1143 1061 1267
1143 1612 1696
1144 1062 1267
1144 1612 1696
1145 1063 1267
1145 1612 1696
1146 1064 1267
1146 1612 1695
1147 1065 1267
1147 1612 1695
1148 1066 1267
1148 1612 1695
1149 1068 1267
1149 1613 1695
1150 1069 1267
1150 1613 1694
1151 1071 1267
1151 1613 1694
1152 1072 1267
1152 1613 1694
1153 1073 1267
1153 1613 1694
1154 1074 1267
1154 1613 1694
1155 1075 1267
1155 1613 1694
1156 1076 1267
1156 1613 1695
1157 1077 1267
1157 1613 1695
1158 1078 1267
1158 1614 1695
1159 1079 1267
1159 1614 1695
1160 1080 1267
1160 1614 1696
1161 1082 1267
1161 1614 1696
1162 1083 1267
1162 1614 1696
1163 1085 1267
1163 1615 1696
1164 1087 1267
1164 1615 1696
1165 1088 1267
1165 1615 1696
1166 1089 1267
1166 1615 1696
1167 1090 1267
1167 1615 1696
1168 1091 1267
1168 1615 1696
1169 1092 1267
1169 1615 1696
1170 1093 1267
1170 1615 1696
1171 1094 1267
1171 1615 1696
1172 1095 1267
1172 1615 1696
1173 1096 1267
1173 1615 1696
1174 1097 1267
1174 1615 1696
1175 1098 1267
1175 1615 1696
1176 1099 1267
1176 1615 1696
1177 1100 1267
1177 1615 1696
1178 1102 1267
1178 1615 1696
1179 1103 1267
1179 1615 1696
1180 1105 1267
1180 1615 1696
1181 1106 1267
1181 1615 1696
1182 1106 1267
1182 1615 1696
1183 1107 1267
1183 1615 1696
1184 1108 1267
1184 1615 1696
1185 1109 1267
1185 1615 1696
1186 1110 1267
1186 1615 1696
1187 1111 1267
1187 1615 1696
1188 1112 1267
1188 1615 1696
1189 1113 1267
1189 1615 1696
1190 1115 1267
1190 1615 1696
1191 1116 1267
1191 1615 1696
1192 1118 1267
1192 1615 1696
1193 1119 1267
1193 1615 1696
1194 1120 1267
1194 1615 1696
1195 1120 1267
1195 1615 1696
1196 1121 1267
1196 1615 1696
1197 1122 1267
1197 1615 1696
1198 1123 1267
1198 1615 1696
1199 1124 1267
1199 1615 1696
1200 1124 1267
1200 1615 1696
1201 1125 1267
1201 1615 1697
1202 1126 1267
1202 1614 1697
1203 1126 1267
1203 1614 1697
1204 1127 1267
1204 1614 1698
1205 1128 1267
1205 1614 1698
1206 1129 1267
1206 1614 1698
1207 1130 1267
1207 1614 1698
1208 1131 1267
1208 1614 1699
1209 1132 1267
1209 1614 1699
1210 1133 1267
1210 1614 1699
1211 1134 1267
1211 1614 1699
1212 1135 1267
1212 1614 1699
1213 1135 1267
1213 1614 1699
1214 1136 1267
1214 1614 1699
1215 1136 1267
1215 1614 1699
1216 1137 1267
1216 1614 1699
1217 1138 1267
1217 1614 1699
1218 1138 1267
1218 1614 1699
1219 1139 1267
1219 1614 1699
1220 1139 1267
1220 1614 1699
1221 1140 1267
1221 1614 1699
1222 1141 1267
1222 1614 1699
1223 1141 1267
1223 1614 1699
1224 1142 1267
1224 1614 1699
1225 1143 1267
1225 1614 1699
1226 1143 1268
1226 1614 1699
1227 1144 1268
1227 1614 1699
1228 1145 1268
1228 1614 1699
1229 1145 1268
1229 1614 1699
1230 1146 1269
1230 1614 1699
1231 1146 1269
1231 1614 1699
1232 1147 1269
1232 1614 1699
1233 1147 1269
1233 1614 1699
1234 1148 1269
1234 1614 1699
1234 1747 1765
1235 1148 1269
1235 1614 1699
1235 1744 1769
1236 1149 1269
1236 1614 1699
1236 1743 1775
1237 1150 1269
1237 1614 1699
1237 1741 1778
1238 1150 1269
1238 1614 1699
1238 1740 1783
1239 1151 1269
1239 1614 1699
1239 1740 1786
1240 1151 1269
1240 1615 1699
1240 1739 1791
1241 1152 1269
1241 1615 1699
1241 1738 1794
1242 1152 1269
1242 1615 1699
1242 1738 1795
1243 1153 1269
1243 1615 1699
1243 1738 1797
1244 1153 1269
1244 1615 1699
1244 1737 1798
1245 106 117
1245 1154 1269
1245 1615 1699
1245 1737 1798
1246 102 121
1246 1155 1269
1246 1615 1699
1246 1737 1799
1247 99 124
1247 1155 1269
1247 1615 1699
1247 1737 1800
1248 97 126
1248 1156 1269
1248 1615 1699
1248 1737 1800
1249 95 128
1249 1156 1269
1249 1615 1699
1249 1737 1800
1250 94 129
1250 1157 1269
1250 1615 1699
1250 1737 1801
1251 92 131
1251 1157 1269
1251 1615 1699
1251 1735 1801
1252 91 132
1252 1158 1269
1252 1616 1699
1252 1727 1801
1253 90 133
1253 1159 1269
1253 1616 1699
1253 1723 1801
1254 89 134
1254 1159 1270
1254 1616 1699
1254 1720 1801
1255 88 135
1255 1160 1270
1255 1616 1699
1255 1716 1801
1256 87 136
1256 1160 1270
1256 1616 1699
1256 1713 1801
1257 86 137
1257 1161 1270
1257 1616 1699
1257 1709 1801
1258 85 138
1258 1161 1270
1258 1616 1699
1258 1706 1801
1259 85 138
1259 1162 1270
1259 1617 1699
1259 1702 1801
1260 84 139
1260 1162 1270
1260 1617 1801
1261 83 140
1261 1163 1270
1261 1617 1800
1262 83 140
1262 1164 1270
1262 1617 1800
1263 82 141
1263 1164 1270
1263 1617 1800
1264 82 141
1264 1165 1270
1264 1617 1799
1265 81 142
1265 1165 1271
1265 1617 1798
1266 81 142
1266 1166 1271
1266 1617 1798
1267 81 143
1267 1167 1271
1267 1617 1797
1268 80 144
1268 1167 1271
1268 1617 1795
1269 80 145
1269 1168 1271
1269 1617 1794
1270 80 146
1270 1168 1271
1270 1617 1791
1271 80 146
1271 1169 1271
1271 1617 1781
1272 79 147
1272 1169 1271
1272 1617 1777
1273 79 148
1273 1170 1271
1273 1617 1766
1274 79 148
1274 1170 1271
1274 1618 1762
1275 79 149
1275 1171 1271
1275 1618 1759
1276 79 149
1276 1171 1271
1276 1618 1755
1277 78 150
1277 1172 1271
1277 1618 1747
1278 77 150
1278 1172 1271
1278 1618 1736
1279 76 150
1279 1172 1271
1279 1618 1730
1280 75 151
1280 1173 1271
1280 1618 1726
1281 75 151
1281 1173 1271
1281 1618 1723
1282 74 151
1282 1174 1272
1282 1618 1719
1283 73 151
1283 1174 1272
1283 1618 1716
1284 73 152
1284 1175 1272
1284 1619 1712
1285 72 152
1285 1176 1272
1285 1619 1709
1286 71 152
1286 1176 1273
1286 1619 1705
1287 71 152
1287 1177 1273
1287 1619 1698
1288 70 152
1288 1177 1273
1288 1619 1697
1289 69 152
1289 1178 1273
1289 1619 1697
1290 69 152
1290 1179 1273
1290 1619 1697
1291 68 152
1291 1179 1273
1291 1619 1697
1292 68 152
1292 1180 1273
1292 1619 1697
1293 67 152
1293 1180 1273
1293 1619 1697
1294 67 152
1294 1180 1273
1294 1619 1697
1295 66 152
1295 1181 1273
1295 1619 1697
1296 66 152
1296 1181 1273
1296 1619 1697
1297 65 153
1297 1181 1273
1297 1619 1697
1298 65 153
1298 1182 1273
1298 1619 1697
1299 65 154
1299 1182 1273
1299 1619 1697
1300 64 154
1300 1183 1273
1300 1619 1697
1301 64 154
1301 1183 1273
1301 1619 1697
1302 64 155
1302 1184 1273
1302 1619 1697
1303 64 155
1303 1184 1274
1303 1619 1697
1304 63 155
1304 1185 1274
1304 1619 1697
1305 63 155
1305 1185 1274
1305 1619 1697
1306 63 156
1306 1186 1274
1306 1619 1697
1307 63 156
1307 1186 1274
1307 1619 1697
1308 62 156
1308 1186 1274
1308 1619 1696
1309 62 156
1309 1187 1274
1309 1619 1696
1310 62 156
1310 1187 1274
1310 1619 1696
1311 62 156
1311 1187 1274
1311 1619 1696
1312 61 156
1312 1188 1274
1312 1619 1696
1313 61 156
1313 1188 1274
1313 1619 1696
1314 61 156
1314 1188 1274
1314 1619 1696
1315 61 157
1315 1189 1274
1315 1619 1696
1316 61 157
1316 1189 1274
1316 1619 1696
1317 61 158
1317 1189 1274
1317 1619 1696
1318 61 158
1318 1190 1275
1318 1619 1696
1319 61 159
1319 1190 1275
1319 1619 1696
1320 61 159
1320 1191 1275
1320 1619 1696
1321 61 160
1321 1191 1275
1321 1619 1696
1322 61 160
1322 1192 1275
1322 1619 1696
1323 61 160
1323 1192 1275
1323 1618 1696
1324 61 161
1324 1193 1275
1324 1618 1696
1325 61 161
1325 1193 1275
1325 1618 1695
1326 61 161
1326 1193 1275
1326 1618 1695
1327 61 161
1327 650 669
1327 1194 1275
1327 1618 1695
1328 61 162
1328 646 676
1328 1194 1275
1328 1618 1695
1329 61 162
1329 643 835
1329 1195 1275
1329 1618 1694
1330 62 162
1330 641 839
1330 1195 1275
1330 1618 1694
1331 62 162
1331 392 935
1331 1195 1275
1331 1618 1694
1332 62 162
1332 387 939
1332 1196 1275
1332 1617 1694
1333 62 162
1333 364 1043
1333 1048 1075
1333 1196 1275
1333 1617 1694
1334 63 162
1334 360 1079
1334 1196 1275
1334 1617 1694
1335 63 162
1335 357 1082
1335 1197 1275
1335 1617 1694
1336 63 162
1336 355 1084
1336 1197 1275
1336 1617 1694
1337 64 162
1337 348 1086
1337 1197 1275
1337 1617 1694
1338 64 163
1338 342 1087
1338 1198 1275
1338 1617 1694
1339 65 163
1339 332 1089
1339 1198 1275
1339 1617 1694
1340 65 163
1340 328 1090
1340 1198 1276
1340 1616 1694
1341 65 163
1341 320 1091
1341 1199 1276
1341 1616 1693
1342 65 164
1342 316 1092
1342 1199 1276
1342 1616 1693
1343 65 164
1343 313 1094
1343 1199 1276
1343 1616 1693
1344 66 164
1344 311 1096
1344 1200 1277
1344 1616 1693
1345 66 164
1345 309 1098
1345 1200 1277
1345 1615 1692
1346 66 164
1346 308 1099
1346 1200 1277
1346 1615 1692
1347 66 165
1347 306 1101
1347 1200 1277
1347 1615 1692
1348 67 165
1348 305 1102
1348 1201 1277
1348 1615 1691
1349 67 165
1349 304 1103
1349 1201 1277
1349 1614 1691
1350 67 165
1350 303 1104
1350 1201 1277
1350 1614 1691
1351 68 165
1351 302 1105
1351 1202 1277
1351 1614 1691
1352 68 166
1352 301 1106
1352 1202 1277
1352 1613 1691
1353 69 166
1353 300 1107
1353 1203 1277
1353 1613 1691
1354 69 166
1354 299 1108
1354 1203 1277
1354 1613 1691
1355 69 166
1355 299 1109
1355 1204 1277
1355 1612 1691
1356 70 166
1356 298 1110
1356 1205 1277
1356 1612 1691
1357 70 167
1357 297 1111
1357 1205 1278
1357 1612 1691
1358 70 167
1358 297 1112
1358 1206 1278
1358 1611 1691
1359 70 168
1359 296 1113
1359 1206 1279
1359 1611 1691
1360 71 168
1360 296 1114
1360 1206 1279
1360 1611 1691
1361 71 168
1361 295 1116
1361 1206 1279
1361 1610 1690
1362 71 169
1362 295 1117
1362 1207 1280
1362 1610 1690
1363 71 169
1363 295 1119
1363 1207 1280
1363 1610 1690
1364 71 169
1364 294 1120
1364 1207 1280
1364 1609 1690
1365 71 169
1365 294 1121
1365 1208 1280
1365 1609 1690
1366 71 170
1366 294 1122
1366 1208 1281
1366 1609 1690
1367 71 170
1367 294 1123
1367 1208 1281
1367 1608 1689
1368 72 170
1368 293 1124
1368 1208 1281
1368 1608 1689
1369 72 170
1369 293 1125
1369 1209 1282
1369 1608 1689
1370 72 171
1370 293 1126
1370 1209 1282
1370 1607 1689
1371 72 171
1371 293 1127
1371 1209 1282
1371 1607 1688
1372 73 171
1372 293 1128
1372 1209 1283
1372 1607 1688
1373 73 171
1373 293 1129
1373 1210 1283
1373 1606 1688
1374 73 172
1374 293 1130
1374 1210 1283
1374 1606 1688
1375 74 172
1375 293 1131
1375 1210 1283
1375 1606 1688
1376 74 172
1376 293 1132
1376 1211 1284
1376 1605 1688
1377 74 172
1377 293 1133
1377 1211 1284
1377 1605 1688
1378 75 172
1378 293 1134
1378 1212 1284
1378 1605 1688
1379 75 173
1379 293 1135
1379 1212 1284
1379 1604 1687
1380 75 173
1380 294 1136
1380 1213 1285
1380 1604 1687
1381 76 174
1381 294 1136
1381 1213 1285
1381 1603 1687
1382 76 174
1382 294 1137
1382 1214 1285
1382 1603 1687
1383 77 174
1383 294 1138
1383 1214 1286
1383 1603 1687
1384 77 175
1384 293 1138
1384 1215 1286
1384 1602 1687
1385 78 175
1385 292 1139
1385 1215 1287
1385 1602 1686
1386 79 175
1386 291 1139
1386 1216 1287
1386 1601 1686
1387 79 175
1387 291 1140
1387 1217 1288
1387 1600 1686
1388 79 176
1388 290 1140
1388 1217 1288
1388 1600 1686
1389 79 176
1389 289 1140
1389 1218 1289
1389 1599 1685
1390 79 176
1390 289 1141
1390 1219 1289
1390 1599 1685
1391 79 176
1391 288 1141
1391 1219 1289
1391 1598 1685
1392 80 177
1392 288 1141
1392 1220 1290
1392 1598 1684
1393 80 177
1393 287 1141
1393 1220 1290
1393 1598 1684
1394 80 178
1394 287 1142
1394 1220 1291
1394 1597 1684
1395 80 178
1395 286 1142
1395 1220 1291
1395 1597 1687
1396 81 178
1396 286 1142
1396 1221 1291
1396 1596 1696
1397 81 179
1397 285 1142
1397 1221 1292
1397 1595 1704
1398 81 179
1398 285 1142
1398 1221 1292
1398 1595 1712
1399 81 180
1399 285 1142
1399 1221 1292
1399 1594 1720
1400 82 180
1400 284 1142
1400 1222 1292
1400 1594 1728
1401 82 180
1401 284 1142
1401 1222 1293
1401 1593 1736
1402 82 181
1402 284 1142
1402 1222 1293
1402 1592 1744
1403 82 181
1403 284 1142
1403 1223 1293
1403 1592 1751
1404 83 181
1404 283 1142
1404 1223 1293
1404 1591 1757
1405 83 182
1405 283 1142
1405 1223 1293
1405 1590 1764
1406 83 182
1406 283 1142
1406 1224 1293
1406 1590 1771
1407 84 182
1407 283 1142
1407 1224 1294
1407 1589 1777
1408 84 183
1408 283 1142
1408 1224 1294
1408 1588 1785
1409 84 183
1409 283 1142
1409 1224 1294
1409 1588 1793
1410 85 183
1410 283 1142
1410 1225 1295
1410 1587 1802
1411 85 183
1411 283 1142
1411 1225 1295
1411 1587 1810
1412 85 184
1412 283 1142
1412 1225 1295
1412 1586 1819
1413 85 184
1413 283 1142
1413 1226 1295
1413 1585 1829
1414 86 184
1414 283 1142
1414 1226 1296
1414 1585 1843
1415 86 185
1415 283 1142
1415 1227 1296
1415 1584 1846
1416 86 185
1416 283 1142
1416 1227 1296
1416 1583 1847
1417 86 186
1417 283 1142
1417 1228 1296
1417 1583 1849
1418 87 186
1418 283 1142
1418 1229 1297
1418 1582 1851
1419 87 187
1419 283 1142
1419 1229 1297
1419 1581 1854
1420 87 187
1420 284 1142
1420 1229 1297
1420 1580 1855
1421 88 188
1421 284 1142
1421 1229 1298
1421 1579 1857
1422 88 188
1422 284 1142
1422 1229 1298
1422 1579 1684
1422 1686 1858
1423 88 188
1423 284 1142
1423 1230 1298
1423 1578 1684
1423 1695 1858
1424 89 189
1424 285 1142
1424 1230 1299
1424 1577 1684
1424 1703 1859
1425 89 189
1425 285 1142
1425 1230 1299
1425 1576 1685
1425 1712 1860
1426 89 189
1426 285 1142
1426 1230 1299
1426 1575 1685
1426 1720 1860
1427 90 189
1427 286 1142
1427 1231 1299
1427 1575 1685
1427 1728 1860
1428 90 190
1428 286 1142
1428 1231 1300
1428 1575 1685
1428 1736 1861
1429 91 190
1429 287 1142
1429 1231 1300
1429 1574 1685
1429 1743 1861
1430 91 190
1430 287 1142
1430 1231 1301
1430 1574 1685
1430 1749 1861
1431 92 190
1431 288 1142
1431 1232 1301
1431 1573 1685
1431 1756 1861
1432 92 190
1432 289 1142
1432 1232 1302
1432 1573 1685
1432 1763 1861
1433 92 191
1433 289 1142
1433 1232 1302
1433 1572 1685
1433 1769 1861
1434 93 191
1434 290 1142
1434 1232 1303
1434 1571 1685
1434 1776 1861
1435 93 192
1435 291 1142
1435 1233 1303
1435 1571 1685
1435 1784 1860
1436 93 192
1436 292 1142
1436 1233 1303
1436 1570 1685
1436 1792 1860
1437 93 193
1437 293 1142
1437 1233 1304
1437 1569 1684
1437 1801 1860
1438 94 193
1438 294 1143
1438 1234 1304
1438 1569 1684
1438 1809 1859
1439 94 194
1439 295 1143
1439 1234 1304
1439 1568 1684
1439 1819 1858
1440 94 194
1440 296 1143
1440 1234 1305
1440 1567 1684
1440 1829 1858
1441 94 194
1441 297 1143
1441 1235 1305
1441 1567 1683
1441 1836 1857
1442 95 195
1442 298 1144
1442 1235 1306
1442 1566 1683
1442 1838 1855
1443 95 195
1443 300 1144
1443 1235 1306
1443 1565 1683
1443 1840 1854
1444 95 195
1444 301 1144
1444 1235 1306
1444 1564 1682
1444 1843 1851
1445 96 195
1445 303 1144
1445 1235 1307
1445 1563 1682
1446 96 196
1446 305 1144
1446 1235 1308
1446 1562 1681
1447 96 196
1447 308 1144
1447 1236 1309
1447 1561 1681
1448 97 197
1448 311 1144
1448 1236 1310
1448 1560 1680
1449 97 198
1449 314 1144
1449 1236 1311
1449 1560 1679
1450 97 198
1450 318 1144
1450 1236 1312
1450 1560 1679
1451 98 199
1451 324 1144
1451 1237 1313
1451 1560 1678
1452 98 199
1452 327 1144
1452 1237 1314
1452 1559 1677
1453 99 200
1453 330 1144
1453 1237 1315
1453 1558 1676
1454 99 201
1454 334 1144
1454 1238 1317
1454 1557 1675
1455 100 201
1455 337 1144
1455 1238 1318
1455 1556 1674
1456 100 202
1456 339 1144
1456 1239 1319
1456 1555 1673
1457 101 202
1457 342 1144
1457 1239 1321
1457 1554 1672
1458 101 203
1458 346 1144
1458 1239 1322
1458 1553 1670
1459 102 204
1459 362 1144
1459 1240 1323
1459 1552 1669
1460 102 204
1460 366 1144
1460 1240 1325
1460 1551 1667
1461 102 205
1461 386 1144
1461 1241 1326
1461 1550 1666
1462 103 205
1462 390 1144
1462 1241 1327
1462 1549 1666
1463 103 206
1463 396 1144
1463 1242 1329
1463 1548 1665
1464 103 206
1464 400 1144
1464 1242 1330
1464 1547 1665
1465 103 206
1465 444 1144
1465 1243 1332
1465 1546 1664
1466 104 207
1466 448 1144
1466 1243 1334
1466 1545 1664
1467 104 207
1467 544 1144
1467 1243 1336
1467 1544 1663
1468 104 207
1468 548 1144
1468 1244 1338
1468 1543 1663
1469 104 207
1469 607 1144
1469 1244 1340
1469 1543 1663
1470 105 208
1470 609 1144
1470 1245 1342
1470 1542 1662
1471 105 208
1471 612 1144
1471 1245 1344
1471 1541 1662
1472 105 208
1472 616 1144
1472 1245 1346
1472 1541 1662
1473 106 208
1473 662 1144
1473 1246 1349
1473 1540 1661
1474 106 209
1474 666 1144
1474 1246 1352
1474 1540 1661
1475 107 210
1475 710 1144
1475 1246 1356
1475 1539 1660
1476 107 210
1476 714 1143
1476 1247 1359
1476 1539 1660
1477 108 211
1477 776 1143
1477 1247 1361
1477 1539 1659
1478 109 211
1478 780 1143
1478 1248 1362
1478 1538 1658
1479 109 212
1479 816 1143
1479 1248 1364
1479 1538 1658
1480 110 212
1480 820 1142
1480 1249 1365
1480 1538 1657
1481 111 212
1481 848 1142
1481 1249 1366
1481 1538 1656
1482 112 213
1482 852 1142
1482 1250 1367
1482 1537 1655
1483 112 213
1483 878 1141
1483 1250 1368
1483 1537 1654
1484 113 213
1484 882 1141
1484 1251 1369
1484 1537 1653
1485 113 214
1485 892 1140
1485 1251 1370
1485 1537 1652
1486 113 214
1486 896 1140
1486 1252 1371
1486 1536 1652
1487 114 214
1487 936 1139
1487 1253 1371
1487 1536 1651
1488 114 215
1488 940 1138
1488 1253 1372
1488 1536 1651
1489 114 215
1489 944 1138
1489 1254 1372
1489 1536 1650
1490 115 215
1490 948 1137
1490 1255 1373
1490 1535 1649
1491 115 215
1491 958 1136
1491 1255 1373
1491 1535 1649
1492 115 216
1492 962 1135
1492 1256 1373
1492 1535 1648
1493 116 216
1493 998 1134
1493 1257 1373
1493 1535 1647
1494 116 216
1494 1002 1133
1494 1258 1374
1494 1535 1646
1495 116 216
1495 1009 1132
1495 1258 1374
1495 1535 1646
1496 117 216
1496 1011 1132
1496 1257 1374
1496 1535 1645
1497 117 217
1497 1014 1131
1497 1257 1375
1497 1535 1644
1498 117 217
1498 1018 1130
1498 1256 1375
1498 1535 1643
1499 118 218
1499 1023 1130
1499 1256 1376
1499 1535 1642
1500 118 218
1500 1025 1129
1500 1256 1376
1500 1535 1641
1501 118 219
1501 1028 1128
1501 1255 1376
1501 1535 1640
1502 119 219
1502 1032 1127
1502 1255 1377
1502 1535 1639
1503 119 220
1503 1038 1126
1503 1255 1377
1503 1536 1638
1504 119 220
1504 1042 1125
1504 1255 1378
1504 1536 1637
1505 120 220
1505 1046 1124
1505 1254 1378
1505 1536 1636
1506 120 221
1506 1050 1123
1506 1254 1378
1506 1536 1636
1507 121 221
1507 1062 1121
1507 1254 1379
1507 1536 1635
1508 121 221
1508 1066 1120
1508 1254 1379
1508 1536 1634
1509 122 222
1509 1069 1118
1509 1254 1380
1509 1537 1634
1510 123 222
1510 1071 1116
1510 1255 1380
1510 1537 1633
1511 123 223
1511 1074 1113
1511 1256 1381
1511 1537 1632
1512 124 223
1512 1078 1109
1512 1257 1381
1512 1537 1631
1513 125 224
1513 1258 1381
1513 1537 1630
1514 125 224
1514 1259 1382
1514 1538 1629
1515 125 225
1515 1261 1382
1515 1538 1628
1516 126 225
1516 1263 1382
1516 1539 1627
1517 126 226
1517 1265 1382
1517 1539 1625
1518 126 226
1518 1267 1383
1518 1540 1624
1519 126 226
1519 1269 1383
1519 1540 1623
1520 127 227
1520 1272 1383
1520 1540 1623
1521 127 227
1521 1275 1383
1521 1541 1622
1522 127 227
1522 1277 1384
1522 1541 1621
1523 128 228
1523 1279 1384
1523 1542 1620
1524 128 228
1524 1281 1384
1524 1542 1619
1525 128 229
1525 1283 1384
1525 1542 1618
1526 129 229
1526 1285 1385
1526 1542 1617
1527 129 230
1527 1287 1385
1527 1543 1616
1528 129 230
1528 1289 1385
1528 1543 1615
1529 130 231
1529 1290 1385
1529 1543 1614
1530 130 231
1530 1293 1386
1530 1544 1613
1531 131 232
1531 1295 1386
1531 1544 1613
1532 131 232
1532 1297 1386
1532 1544 1612
1533 132 232
1533 1299 1387
1533 1545 1612
1534 133 233
1534 1301 1387
1534 1545 1611
1535 133 233
1535 1303 1388
1535 1546 1611
1536 134 234
1536 1305 1388
1536 1546 1610
1537 134 235
1537 1309 1389
1537 1547 1609
1538 135 236
1538 1312 1389
1538 1547 1609
1539 135 236
1539 1315 1389
1539 1547 1608
1540 135 237
1540 1317 1387
1540 1548 1607
1541 136 238
1541 1319 1384
1541 1548 1606
1542 136 238
1542 1321 1382
1542 1549 1605
1543 136 239
1543 1323 1380
1543 1550 1604
1544 137 239
1544 1325 1378
1544 1550 1603
1545 137 240
1545 1326 1376
1545 1551 1602
1546 137 240
1546 1327 1371
1546 1553 1601
1547 137 240
1547 1329 1367
1547 1555 1600
1548 137 241
1548 1331 1365
1548 1558 1599
1549 137 241
1549 1333 1362
1549 1562 1598
1550 138 242
1550 1335 1360
1550 1566 1597
1551 138 243
1551 1336 1357
1551 1569 1596
1552 138 244
1552 1337 1355
1552 1571 1595
1553 138 245
1553 1338 1353
1553 1574 1593
1554 139 246
1554 1339 1350
1554 1575 1592
1555 139 247
1555 1340 1348
1555 1577 1591
1556 139 248
1556 1341 1347
1556 1579 1590
1557 140 248
1557 1342 1345
1557 1580 1589
1558 140 249
1558 1343 1344
1558 1582 1587
1559 140 250
1559 1583 1586
1560 141 250
1560 1584 1584
1561 141 251
1562 141 251
1563 142 252
1564 142 252
1565 143 252
1566 143 253
1567 144 253
1568 145 253
1569 145 254
1570 146 254
1571 147 254
1572 147 255
1573 148 255
1574 148 256
1575 148 257
1576 149 258
1577 149 259
1578 149 260
1579 150 261
1580 150 262
1581 151 263
1582 151 264
1583 152 265
1584 152 266
1585 153 266
1586 153 267
1587 154 268
1588 155 268
1589 155 269
1590 156 270
1591 157 270
1592 158 271
1593 159 272
1594 159 272
1595 160 273
1595 1760 1817
1596 161 274
1596 1756 1821
1597 161 275
1597 1753 1824
1598 162 276
1598 1751 1826
1599 163 277
1599 1749 1828
1600 164 278
1600 1746 1829
1601 165 278
1601 1738 1831
1602 165 279
1602 1734 1832
1603 166 280
1603 1728 1833
1604 167 280
1604 1724 1834
1605 167 282
1605 1721 1835
1606 168 283
1606 1719 1836
1607 169 285
1607 1717 1837
1608 170 286
1608 1716 1838
1609 171 287
1609 1714 1839
1610 172 288
1610 1713 1840
1611 173 289
1611 1711 1841
1612 173 290
1612 1709 1842
1613 174 291
1613 1707 1842
1614 174 292
1614 1705 1843
1615 175 293
1615 998 999
1615 1703 1844
1616 175 294
1616 997 1000
1616 1700 1844
1617 176 295
1617 996 1002
1617 1697 1845
1618 177 296
1618 995 1003
1618 1695 1845
1619 177 297
1619 994 1005
1619 1693 1846
1620 178 298
1620 993 1008
1620 1692 1846
1621 179 299
1621 992 1010
1621 1690 1846
1622 180 300
1622 991 1015
1622 1689 1847
1623 181 301
1623 991 1017
1623 1688 1847
1624 182 302
1624 990 1019
1624 1687 1847
1625 183 303
1625 989 1022
1625 1686 1847
1626 184 304
1626 989 1026
1626 1685 1848
1627 185 305
1627 989 1032
1627 1684 1848
1628 186 306
1628 991 1035
1628 1683 1848
1629 188 307
1629 992 1038
1629 1681 1848
1630 189 308
1630 993 1043
1630 1679 1848
1631 190 309
1631 995 1048
1631 1677 1848
1632 192 310
1632 997 1053
1632 1676 1848
1633 193 312
1633 998 1059
1633 1248 1254
1633 1674 1848
1634 194 313
1634 999 1060
1634 1244 1255
1634 1673 1848
1635 195 315
1635 1000 1062
1635 1238 1257
1635 1672 1848
1636 195 316
1636 1001 1063
1636 1237 1259
1636 1671 1848
1637 196 318
1637 1002 1065
1637 1235 1262
1637 1670 1848
1638 197 321
1638 1003 1068
1638 1232 1267
1638 1669 1848
1639 197 324
1639 1005 1070
1639 1230 1273
1639 1667 1848
1640 198 326
1640 1006 1075
1640 1225 1273
1640 1666 1848
1641 199 328
1641 1006 1079
1641 1220 1273
1641 1664 1848
1642 200 329
1642 1007 1083
1642 1215 1274
1642 1663 1847
1643 201 331
1643 1008 1274
1643 1662 1847
1644 202 332
1644 1009 1274
1644 1661 1847
1645 203 334
1645 1009 1274
1645 1660 1847
1646 204 335
1646 1010 1274
1646 1659 1846
1647 206 337
1647 1011 1274
1647 1658 1846
1648 207 338
1648 1011 1273
1648 1657 1846
1649 209 341
1649 1012 1271
1649 1656 1845
1650 211 345
1650 1013 1269
1650 1655 1845
1651 214 348
1651 1014 1267
1651 1654 1844
1652 216 350
1652 1015 1265
1652 1653 1844
1653 217 352
1653 1016 1264
1653 1652 1843
1654 219 353
1654 1017 1263
1654 1651 1843
1655 220 355
1655 1018 1261
1655 1650 1842
1656 221 357
1656 1019 1259
1656 1649 1842
1657 222 360
1657 1020 1257
1657 1647 1841
1658 223 362
1658 1021 1255
1658 1645 1840
1659 225 364
1659 1022 1254
1659 1643 1840
1660 226 366
1660 1023 1253
1660 1642 1840
1661 227 368
1661 1025 1252
1661 1639 1839
1662 228 369
1662 1027 1251
1662 1637 1839
1663 230 371
1663 1029 1249
1663 1635 1838
1664 231 373
1664 1031 1247
1664 1634 1838
1665 233 376
1665 1032 1245
1665 1632 1837
1666 234 379
1666 1033 1243
1666 1631 1836
1667 235 382
1667 1034 1241
1667 1630 1836
1668 236 384
1668 1035 1239
1668 1629 1835
1669 237 386
1669 1036 1238
1669 1628 1834
1670 238 387
1670 1037 1237
1670 1627 1833
1671 239 391
1671 1038 1236
1671 1625 1832
1672 240 395
1672 1039 1235
1672 1624 1831
1673 242 398
1673 1040 1234
1673 1622 1830
1674 243 400
1674 1041 1233
1674 1621 1829
1675 245 402
1675 1043 1232
1675 1620 1828
1676 247 404
1676 1045 1231
1676 1619 1827
1677 250 407
1677 1047 1229
1677 1618 1826
1678 251 411
1678 1049 1227
1678 1617 1825
1679 252 414
1679 1050 1225
1679 1616 1823
1680 254 416
1680 1051 1223
1680 1615 1822
1681 255 418
1681 1052 1221
1681 1613 1821
1682 256 420
1682 1053 1219
1682 1612 1820
1683 257 423
1683 1054 1218
1683 1610 1820
1684 258 426
1684 1055 1217
1684 1609 1819
1685 259 431
1685 1056 1216
1685 1608 1818
1686 260 435
1686 1057 1215
1686 1606 1817
1687 262 438
1687 1058 1214
1687 1605 1816
1688 263 440
1688 1059 1213
1688 1604 1815
1689 265 442
1689 1060 1212
1689 1602 1814
1690 266 444
1690 1061 1211
1690 1600 1813
1691 267 451
1691 1062 1210
1691 1597 1812
1692 268 455
1692 1063 1209
1692 1595 1811
1693 270 459
1693 1064 1207
1693 1593 1809
1694 271 463
1694 1065 1205
1694 1591 1808
1695 273 466
1695 1066 1203
1695 1589 1806
1696 275 468
1696 1067 1201
1696 1588 1804
1697 277 470
1697 1068 1200
1697 1586 1801
1698 278 471
1698 1069 1199
1698 1585 1800
1699 279 475
1699 1070 1198
1699 1583 1798
1700 280 479
1700 1071 1197
1700 1581 1796
1701 281 482
1701 1073 1196
1701 1579 1794
1702 282 484
1702 1075 1195
1702 1578 1792
1703 284 487
1703 1076 1194
1703 1574 1789
1704 285 489
1704 1077 1193
1704 1570 1785
1705 287 492
1705 1078 1191
1705 1567 1782
1706 289 494
1706 1079 1189
1706 1564 1781
1707 291 497
1707 1081 1187
1707 1561 1779
1708 292 501
1708 1083 1185
1708 1559 1778
1709 293 507
1709 1084 1184
1709 1557 1776
1710 294 511
1710 1085 1181
1710 1556 1774
1711 296 515
1711 1087 1179
1711 1554 1771
1712 297 519
1712 1089 1177
1712 1553 1767
1713 299 522
1713 1090 1175
1713 1551 1763
1714 301 524
1714 1091 1173
1714 1548 1759
1715 303 526
1715 1093 1172
1715 1545 1757
1716 304 529
1716 1095 1171
1716 1543 1756
1717 305 535
1717 1097 1170
1717 1541 1756
1718 306 539
1718 1099 1169
1718 1540 1755
1719 307 542
1719 1100 1168
1719 1536 1754
1720 308 544
1720 1101 1167
1720 1532 1753
1721 310 549
1721 1102 1166
1721 1528 1752
1722 311 555
1722 1103 1165
1722 1524 1751
1723 313 561
1723 1104 1164
1723 1521 1750
1724 315 565
1724 1107 1163
1724 1519 1749
1725 318 587
1725 1109 1162
1725 1517 1747
1726 320 591
1726 1111 1161
1726 1516 1746
1727 322 594
1727 1113 1160
1727 1514 1744
1728 323 596
1728 1115 1159
1728 1510 1742
1729 325 601
1729 1116 1157
1729 1507 1739
1730 327 608
1730 1117 1155
1730 1505 1736
1731 329 643
1731 1118 1153
1731 1502 1734
1732 330 650
1732 1119 1151
1732 1498 1732
1733 332 675
1733 1120 1150
1733 1488 1729
1734 333 679
1734 1121 1149
1734 1484 1725
1735 335 682
1735 1123 1148
1735 1474 1721
1736 337 685
1736 1125 1147
1736 1470 1717
1737 340 711
1737 1126 1146
1737 1467 1714
1738 343 715
1738 1127 1145
1738 1465 1712
1739 345 735
1739 1128 1144
1739 1463 1709
1740 347 739
1740 1129 1143
1740 1462 1706
1741 350 742
1741 1130 1141
1741 1456 1704
1742 351 744
1742 1131 1139
1742 1452 1702
1743 353 799
1743 1449 1700
1744 355 806
1744 1447 1698
1745 358 857
1745 1442 1695
1746 362 862
1746 1437 1691
1747 366 887
1747 1428 1688
1748 368 891
1748 1424 1687
1749 370 915
1749 1421 1686
1750 371 919
1750 1419 1685
1751 373 922
1751 1416 1683
1752 375 924
1752 1414 1682
1753 378 941
1753 1400 1680
1754 382 945
1754 1396 1678
1755 386 948
1755 1386 1675
1756 390 951
1756 1382 1674
1757 394 959
1757 1379 1672
1758 395 963
1758 1375 1670
1759 397 966
1759 1366 1667
1760 399 969
1760 1362 1665
1761 402 972
1761 1348 1663
1762 406 974
1762 1344 1662
1763 411 976
1763 1336 1660
1764 414 979
1764 1332 1658
1765 416 982
1765 1324 1655
1766 417 984
1766 1320 1651
1767 419 986
1767 1317 1647
1768 421 987
1768 1315 1644
1769 424 989
1769 1313 1641
1770 428 990
1770 1312 1638
1771 436 992
1771 1300 1636
1772 440 994
1772 1296 1634
1773 445 996
1773 1288 1631
1774 447 997
1774 1284 1628
1775 449 999
1775 1272 1626
1776 451 1000
1776 1268 1624
1777 454 1002
1777 1265 1621
1778 458 1003
1778 1263 1617
1779 464 1005
1779 1260 1613
1780 466 1006
1780 1256 1609
1781 468 1007
1781 1253 1603
1782 469 1008
1782 1250 1599
1783 471 1010
1783 1244 1595
1784 473 1011
1784 1240 1592
1785 476 1013
1785 1237 1590
1786 480 1014
1786 1234 1588
1787 484 1015
1787 1206 1585
1788 488 1016
1788 1202 1581
1789 494 1017
1789 1199 1577
1790 497 1018
1790 1197 1573
1791 500 1019
1791 1195 1567
1792 501 1020
1792 1194 1566
1793 503 1021
1793 1192 1564
1794 505 1022
1794 1191 1562
1795 508 1023
1795 1190 1559
1796 512 1024
1796 1189 1556
1797 519 1026
1797 1188 1553
1798 521 1027
1798 1187 1549
1799 524 1029
1799 1186 1545
1800 528 1030
1800 1185 1542
1801 536 1031
1801 1185 1539
1802 540 1032
1802 1184 1537
1803 546 1033
1803 1183 1535
1804 550 1034
1804 1183 1534
1805 556 1035
1805 1182 1532
1806 560 1036
1806 1182 1530
1807 570 1036
1807 1181 1527
1808 574 1037
1808 1181 1523
1809 583 1038
1809 1181 1520
1810 585 1038
1810 1180 1518
1811 588 1039
1811 1180 1515
1812 592 1039
1812 1180 1512
1813 596 1040
1813 1180 1509
1814 600 1040
1814 1179 1505
1815 614 1040
1815 1179 1501
1816 617 1041
1816 1179 1498
1817 619 1041
1817 1179 1495
1818 621 1041
1818 1179 1493
1819 624 1042
1819 1179 1491
1820 628 1042
1820 1179 1490
1821 634 1042
1821 1179 1488
1822 638 1043
1822 1179 1486
1823 650 1043
1823 1179 1483
1824 654 1043
1824 1179 1479
1825 657 1043
1825 1179 1475
1826 659 1044
1826 1180 1471
1827 662 1044
1827 1180 1467
1828 666 1044
1828 1180 1463
1829 672 1044
1829 1180 1455
1830 676 1044
1830 1181 1451
1831 681 1044
1831 1181 1439
1832 683 1044
1832 1181 1435
1833 686 1044
1833 1182 1427
1834 690 1044
1834 1182 1424
1835 696 1044
1835 1183 1422
1836 700 1044
1836 1183 1420
1837 704 1044
1837 1184 1417
1838 705 1044
1838 1185 1413
1839 707 1044
1839 1185 1405
1840 709 1044
1840 1186 1401
1841 712 1044
1841 1187 1381
1842 716 1044
1842 1188 1377
1843 722 1044
1843 1189 1365
1844 726 1044
1844 1190 1361
1845 735 1044
1845 1191 1353
1846 739 1044
1846 1192 1349
1847 742 1044
1847 1194 1343
1848 746 1044
1848 1195 1339
1849 752 1044
1849 1195 1335
1850 756 1044
1850 1196 1331
1851 773 1044
1851 1197 1316
1852 780 1044
1852 1198 1314
1853 785 1044
1853 1199 1311
1854 787 1044
1854 1200 1307
1855 790 1044
1855 1201 1299
1856 794 1044
1856 1202 1295
1857 812 1044
1857 1204 1281
1858 816 1043
1858 1205 1277
1859 831 1043
1859 1207 1257
1860 833 1043
1860 1209 1253
1861 836 1043
1861 1212 1241
1862 840 1042
1862 1216 1237
1863 855 1042
1864 862 1042
1865 868 1041
1866 872 1041
1867 884 1040
1868 887 1040
1869 890 1039
1870 894 1038
1871 902 1038
1872 906 1037
1873 912 1036
1874 916 1035
1875 922 1034
1876 925 1034
1877 928 1033
1878 932 1032
1879 936 1032
1880 937 1031
1881 939 1030
1882 941 1029
1883 944 1028
1884 947 1027
1885 949 1026
1886 951 1025
1887 954 1024
1888 957 1023
1889 959 1021
1890 961 1020
1891 964 1018
1892 968 1016
1893 972 1013
1894 976 1009
